contrived90
91
74.0
361.0 238.0
359.0 172.0
357.0 104.0
428.0 236.0
497.0 237.0
291.0 241.0
221.0 239.0
149.0 236.0
359.0 303.0
359.0 372.0
568.0 239.0
168.0 173.0
154.0 169.0
136.0 171.0
122.0 176.0
111.0 181.0
102.0 187.0
96.0 196.0
89.0 210.0
86.0 226.0
85.0 244.0
89.0 256.0
94.0 265.0
102.0 276.0
110.0 285.0
123.0 296.0
136.0 299.0
151.0 303.0
162.0 303.0
295.0 353.0
292.0 370.0
293.0 382.0
295.0 396.0
301.0 406.0
309.0 414.0
314.0 424.0
325.0 431.0
340.0 434.0
357.0 440.0
376.0 434.0
391.0 429.0
404.0 418.0
414.0 404.0
418.0 391.0
419.0 378.0
419.0 362.0
421.0 354.0
544.0 304.0
558.0 306.0
573.0 308.0
584.0 304.0
597.0 297.0
611.0 283.0
620.0 273.0
628.0 257.0
631.0 241.0
631.0 221.0
628.0 204.0
619.0 198.0
613.0 186.0
604.0 183.0
589.0 178.0
579.0 174.0
570.0 173.0
560.0 173.0
550.0 173.0
424.0 126.0
425.0 111.0
425.0 98.0
421.0 87.0
418.0 76.0
413.0 68.0
409.0 64.0
401.0 58.0
392.0 52.0
384.0 47.0
376.0 42.0
364.0 39.0
352.0 37.0
344.0 39.0
332.0 41.0
323.0 43.0
313.0 49.0
307.0 56.0
298.0 69.0
296.0 77.0
291.0 85.0
290.0 97.0
290.0 109.0
292.0 121.0
292.0 127.0
