contrived150
125
48.0
252.0 114.0
283.0 143.0
313.0 170.0
345.0 200.0
378.0 231.0
406.0 263.0
433.0 295.0
462.0 328.0
492.0 358.0
521.0 386.0
420.0 223.0
451.0 197.0
481.0 169.0
509.0 137.0
537.0 106.0
366.0 272.0
333.0 301.0
299.0 330.0
266.0 355.0
234.0 382.0
224.0 84.0
560.0 79.0
528.0 52.0
536.0 45.0
545.0 45.0
561.0 43.0
553.0 45.0
553.0 45.0
539.0 46.0
533.0 49.0
552.0 48.0
565.0 46.0
570.0 46.0
581.0 48.0
592.0 63.0
585.0 55.0
581.0 52.0
595.0 71.0
592.0 87.0
589.0 97.0
593.0 87.0
595.0 83.0
595.0 73.0
588.0 62.0
596.0 58.0
251.0 54.0
194.0 109.0
190.0 89.0
190.0 102.0
191.0 79.0
196.0 70.0
201.0 56.0
217.0 48.0
229.0 48.0
246.0 50.0
232.0 53.0
258.0 58.0
203.0 59.0
191.0 90.0
191.0 90.0
199.0 112.0
212.0 350.0
204.0 363.0
201.0 374.0
197.0 378.0
203.0 395.0
203.0 395.0
216.0 415.0
202.0 386.0
200.0 383.0
209.0 407.0
209.0 407.0
234.0 419.0
234.0 419.0
248.0 419.0
263.0 408.0
215.0 411.0
206.0 398.0
206.0 398.0
215.0 353.0
215.0 353.0
492.0 420.0
515.0 426.0
515.0 426.0
503.0 425.0
503.0 425.0
542.0 416.0
530.0 418.0
527.0 422.0
557.0 402.0
557.0 396.0
557.0 382.0
557.0 382.0
557.0 377.0
554.0 372.0
546.0 355.0
546.0 355.0
550.0 360.0
553.0 364.0
555.0 379.0
555.0 398.0
548.0 410.0
492.0 414.0
595.0 90.0
595.0 66.0
583.0 55.0
566.0 49.0
548.0 49.0
251.0 56.0
233.0 52.0
211.0 56.0
197.0 75.0
195.0 84.0
193.0 99.0
206.0 357.0
205.0 391.0
226.0 411.0
244.0 413.0
230.0 415.0
501.0 417.0
534.0 416.0
553.0 399.0
559.0 375.0
516.0 420.0
549.0 400.0
