contrived1
41
93.0
373.0 215.0
458.0 214.0
285.0 214.0
546.0 216.0
196.0 210.0
528.0 138.0
548.0 138.0
571.0 140.0
590.0 149.0
603.0 160.0
612.0 173.0
616.0 187.0
618.0 205.0
619.0 223.0
614.0 243.0
609.0 258.0
599.0 267.0
586.0 276.0
574.0 281.0
559.0 288.0
543.0 291.0
527.0 292.0
221.0 131.0
208.0 128.0
194.0 128.0
177.0 128.0
163.0 132.0
152.0 139.0
141.0 142.0
134.0 148.0
126.0 158.0
123.0 167.0
119.0 181.0
115.0 200.0
116.0 224.0
125.0 239.0
134.0 255.0
143.0 266.0
155.0 277.0
172.0 285.0
191.0 290.0
