E100
100
153.12326
152.78592 36.534344
467.18106 400.93362
660.9879 52.335236
607.185 189.0077
456.58765 114.25186
13.4859085 337.53354
243.11658 153.43066
321.1236 62.75881
367.81726 290.52985
518.27673 445.98926
395.88614 97.71523
125.77333 302.8967
765.4526 253.8148
315.15106 336.59705
55.74236 0.35727024
137.17136 89.32435
186.97115 235.86426
387.1707 107.295364
367.79626 318.1709
87.18991 343.43387
531.0225 91.87502
740.1055 344.6142
129.62099 414.4494
593.1559 268.88474
144.383 158.81764
684.9639 294.41638
685.6024 318.0399
551.5656 194.64474
20.460653 44.468933
605.7142 142.97072
54.191254 368.62796
214.99925 218.47708
528.0299 253.98006
385.756 380.19824
224.31165 401.5794
71.50006 268.63516
505.277 191.72572
589.3578 87.29174
436.08795 238.62355
730.83527 385.17166
495.64624 33.651047
741.9321 150.334
464.95624 115.16698
232.21454 419.9711
568.3824 149.36543
225.67773 200.02654
257.135 41.08908
523.1986 116.38534
158.07109 113.82896
604.7722 265.1882
518.3343 59.49885
719.6831 55.178295
673.8854 185.63467
416.95627 54.29601
636.48956 387.12097
742.0047 343.3822
470.652 92.61075
616.0077 195.01309
423.21304 40.732376
232.36723 226.62006
140.25917 55.750465
122.2559 266.38565
587.56067 176.38359
693.94556 23.468014
773.33093 299.32227
335.95013 352.1894
409.6198 242.01692
352.17938 62.51103
457.5027 238.42215
590.9434 226.76723
160.32886 19.533026
123.926544 348.88757
420.03622 5.1994085
573.8175 406.6243
17.846203 59.358868
90.2997 247.32465
288.91998 21.521832
306.2245 312.0316
159.69138 239.13489
604.1697 242.93169
738.0065 98.94052
185.88223 282.93985
363.79007 158.26619
223.4712 279.35187
498.14453 46.473885
4.3120384 282.61542
630.457 411.77167
46.607113 76.26234
557.67114 342.95047
7.0672035 100.58396
241.26039 370.11755
736.39886 194.66945
142.03271 383.43347
534.8553 83.70501
499.61676 326.53525
154.19164 48.963295
353.71298 338.59622
381.6133 380.49753
151.86978 109.70176
485.87656 9.275132
