E250
250
124.51707
570.0508 171.82458
528.2526 379.1999
166.5154 97.599205
426.74722 46.324566
637.9363 391.295
558.4446 354.47
553.1403 7.872203
402.2684 143.64798
570.78156 23.307995
235.4755 261.11853
231.54726 431.06702
536.98615 238.8678
444.56763 378.75452
416.85605 425.8164
15.447044 415.7622
543.96796 356.49124
106.174995 396.7492
506.0255 39.329712
154.00362 108.79088
292.31714 9.621244
348.61313 238.18633
388.1478 92.50842
778.4243 199.5063
720.4609 226.91585
774.16815 67.25696
469.6527 28.991917
29.694462 14.356685
198.06924 104.151245
257.8969 400.81186
438.83234 306.39294
597.4601 256.9128
199.61676 286.82236
140.29884 273.86224
87.4577 315.58368
78.97139 188.93054
237.75697 411.35895
19.40651 164.48228
781.03864 4.6299486
370.903 100.033035
214.83365 317.73892
478.9388 442.90887
338.00412 289.90765
635.77563 367.16187
286.01126 295.54916
680.57 207.73193
775.73865 61.98325
438.60785 260.07224
387.66174 438.87338
664.77106 296.72473
404.06522 7.9513016
28.336143 155.83879
169.80171 412.77994
446.0895 261.08554
694.4211 125.09699
242.44295 433.58807
381.5304 375.63705
155.13606 319.6453
225.63113 142.98685
742.1438 80.49078
793.5745 107.00027
370.95667 163.94022
4.837227 2.3899288
239.3865 51.421406
702.2033 60.398197
203.8721 315.9589
184.79996 109.793625
55.825233 337.63412
743.9317 343.98355
630.2743 47.841568
446.44446 295.70114
357.83514 414.305
760.58777 329.7229
447.2753 406.84427
288.1792 353.3852
740.54266 52.85505
589.47595 203.56541
406.51025 449.47543
761.17163 222.31972
687.7505 1.595512
513.5222 344.86124
402.80295 375.87097
612.4219 57.124588
13.543606 407.42676
91.4473 263.19266
234.80745 119.194336
545.1318 138.5307
695.2688 322.07373
198.16684 174.73631
421.1468 135.13216
178.52211 87.60972
736.4864 258.65466
140.77478 218.292
246.97571 203.39973
486.90753 188.31126
652.39844 188.25887
75.62361 443.19446
32.29976 146.58148
420.49594 406.2127
249.16582 441.6456
637.16974 247.46591
754.79047 191.60019
58.033035 113.30858
372.43005 58.181675
699.4092 54.773766
626.2423 295.6427
414.07156 189.65524
429.26447 202.69647
125.8852 443.0236
613.2226 381.46582
321.29883 422.73328
141.68468 401.06238
424.40616 325.74945
408.87283 326.66367
31.014395 14.502918
368.7538 376.99738
7.7658653 389.85486
204.22545 77.69909
522.5036 284.30063
138.22522 205.83781
671.91864 109.713264
173.8069 112.28435
184.71198 172.96175
457.5716 135.84477
338.2143 188.15474
81.703094 203.0426
531.27826 209.85281
428.155 63.984097
66.455605 369.44507
230.67107 391.2893
732.6437 99.85894
465.1989 341.05936
30.698347 278.00656
118.28546 212.24397
596.60754 171.79431
630.1299 420.57935
359.86792 309.33453
230.51562 222.01514
1.3598442 403.19165
10.762787 106.80532
80.424355 236.33136
194.53502 12.298197
482.67328 98.97418
138.70807 100.05219
58.46405 145.11017
228.97124 110.88276
99.596405 103.125656
412.2895 281.50436
623.8012 429.21158
471.21005 154.78778
250.64574 363.14734
797.1624 325.56134
668.72943 50.13443
727.77527 88.1255
785.1484 246.8275
705.73285 225.04181
449.3209 165.09634
285.2098 428.641
352.04663 429.64783
510.38132 213.45122
277.27383 230.02174
435.2919 115.28258
51.128815 429.0122
24.40319 18.958605
575.4796 56.897083
509.8258 244.12845
499.30954 258.40714
88.48219 436.72934
580.63257 439.83792
286.65134 421.5289
597.2371 60.590084
329.42163 109.82525
111.36517 213.48024
19.925499 261.41846
179.16269 153.94984
211.76237 364.01074
80.54628 70.6385
64.13322 378.411
751.6624 140.29495
481.8245 398.49277
15.535355 393.56555
302.6918 329.51138
674.45886 275.50018
7.6138496 192.87433
760.34424 44.604008
558.41943 35.060066
609.24634 46.67674
46.943665 0.4161179
168.81204 267.53763
454.5449 163.87355
660.0778 230.83147
130.0249 359.0771
558.0559 220.52956
411.34067 448.45135
751.5312 180.34122
221.68684 364.7453
176.61685 295.17844
204.87013 303.59027
38.52558 189.99197
632.2955 65.570946
151.87611 73.927284
180.7424 405.78143
714.3169 248.81995
675.34326 152.37941
116.47239 239.82861
7.1783066 101.35944
480.8564 117.53931
123.58985 37.767838
773.60913 178.49852
768.0947 298.53296
568.3538 198.95288
94.540215 85.67906
46.294594 101.9855
238.32155 412.1451
138.54175 134.417
499.9525 323.9983
365.7156 328.2346
349.47177 170.29701
378.79453 114.16646
422.97424 95.03243
489.10114 267.84555
146.39182 308.81152
191.91156 183.10532
140.41171 272.60892
397.5885 151.90288
550.5248 222.92427
509.03064 6.530589
586.54346 449.9704
709.7609 30.799135
587.9256 215.55852
300.79303 432.17938
258.7961 279.64365
656.6824 84.17713
6.0747147 28.074253
334.53952 95.97636
94.50478 225.02551
599.40967 56.38524
395.04022 112.47752
222.97116 368.90768
501.88937 63.55489
330.12134 220.16875
44.948673 3.733635
332.3656 31.558228
307.28174 63.03119
183.15587 73.714264
413.1267 27.049648
266.09702 41.023422
84.54709 35.88895
692.41003 92.617805
240.6857 277.77374
711.86145 122.14281
