E500
500
103.25142
279.58908 240.85631
518.60846 430.1743
210.7049 10.704348
358.58502 173.05798
261.2916 35.43917
488.60345 138.0964
208.29977 176.74269
326.45746 152.80046
1.5130997 141.45502
665.71045 40.806858
413.2813 279.85242
250.2491 398.94678
598.16144 394.87427
628.83923 332.39993
232.0891 216.16182
32.927513 18.244198
177.30489 290.90744
165.72389 248.99681
486.34 368.8004
560.6357 97.746506
701.0827 369.4362
703.8067 327.67032
268.95184 51.854397
422.75964 80.613655
97.65873 130.09444
387.34222 81.02259
175.5948 219.28719
479.25314 23.916105
531.7006 240.61057
453.77222 14.3703375
494.4041 272.96988
195.8497 433.78287
494.02124 15.354386
78.830246 87.1505
559.54614 218.07712
446.6974 429.9206
174.17717 368.42294
701.23987 171.37978
421.88345 117.278305
587.85986 349.78406
289.97415 287.05588
204.27686 37.78503
662.6438 337.3904
234.03134 362.492
582.9855 426.6877
222.87268 204.5667
173.65112 313.4571
324.72067 373.95944
749.3466 348.52496
261.34152 364.66614
250.33507 175.58029
545.06586 317.658
60.245037 154.17818
648.22095 214.87828
391.3916 243.25455
570.346 389.9155
736.6799 119.584816
221.1205 444.18378
771.6218 40.44036
532.16504 254.73344
278.22336 442.22528
425.88187 99.27167
452.1346 422.1618
758.18604 110.725426
605.6715 41.465797
30.756474 432.38007
614.75323 180.0248
616.20306 381.9703
662.6281 91.75327
697.7164 200.30508
455.12372 259.72675
797.243 15.325579
431.2223 422.34332
19.418097 423.70944
241.67743 328.36392
201.29518 89.061165
152.31566 335.25943
521.74677 32.709564
645.25806 73.14231
543.1748 411.55
100.71235 125.26182
148.27295 268.12698
166.8786 45.958633
74.930046 414.1919
751.0404 81.74662
684.3618 277.76147
138.73067 240.24237
425.11163 19.749535
180.1301 112.70219
245.08014 343.57544
546.2236 447.43573
284.12704 245.83824
286.8703 55.11521
342.4529 298.77643
216.48941 390.5374
118.81046 83.44028
270.68048 374.5509
364.02704 93.440865
141.44301 371.2474
478.24396 422.00223
394.89316 359.02356
536.1073 193.5446
51.145218 295.42358
356.77234 325.92657
571.49585 28.72831
611.4346 251.04773
625.87256 408.79785
309.06033 302.0834
738.8394 413.72382
12.482595 312.02786
132.95216 181.1973
365.94745 184.34425
564.0761 146.23401
777.95746 385.76334
797.0789 422.87903
78.76067 299.08035
287.24524 422.88135
201.48807 280.13928
60.48546 101.00837
423.6535 415.06918
134.08212 414.86734
317.9032 167.78215
661.99524 147.79964
426.44385 122.31753
259.78226 40.8855
383.89774 132.92467
761.64105 364.38486
22.331715 276.93643
646.10736 218.38036
216.2949 261.1602
360.1917 426.08878
43.781998 143.39299
359.37805 373.6596
292.5198 422.96753
610.58295 185.46175
733.76544 11.215362
487.05334 420.32162
484.30396 217.1698
690.90576 49.158077
210.45557 360.54245
105.75261 258.47763
387.04807 82.33636
706.26276 373.5471
663.3873 449.78625
593.73376 4.3281736
23.676062 302.54544
209.45688 381.80472
339.9882 99.11457
485.99597 380.7961
643.2194 378.89603
378.1361 252.15761
385.29877 245.46332
480.33185 285.12366
200.77719 359.6901
58.671284 362.93814
126.60737 348.35306
537.8117 98.60801
496.90384 20.302418
184.70197 255.15718
448.62753 330.90967
681.336 266.98065
70.88294 158.41347
700.94165 137.41338
83.75526 397.18085
481.05148 307.32773
383.75024 321.50128
270.48856 161.13072
345.84814 125.08951
525.5797 138.9045
193.33768 411.27164
516.54614 186.35371
464.87497 344.18182
13.16576 140.71356
715.0143 314.05142
547.11206 139.62646
233.69055 268.70303
357.00906 308.29715
178.20726 137.07872
33.85248 35.845657
357.09735 19.47485
584.1953 165.83682
730.19275 38.09257
564.0324 195.39906
497.2609 232.54892
717.80475 137.35791
105.05133 119.660934
557.0318 286.38876
538.4528 268.6764
666.92883 92.60436
667.08997 220.27803
334.63107 9.286961
48.001144 405.2602
9.481668 208.97992
154.43954 271.4233
556.907 117.98332
289.23416 61.6458
437.85165 280.843
489.94012 153.49287
383.2366 386.85632
46.11068 379.35852
347.5925 361.39935
192.8369 423.79904
590.5612 88.23875
148.13403 101.209885
484.5103 240.45303
616.2117 206.67754
278.7221 438.4443
738.0565 117.07226
325.65994 243.3558
451.4835 229.15251
515.331 353.3854
403.78342 319.56085
154.91838 32.639774
682.71844 205.57742
720.3002 26.735079
99.79596 439.86356
3.9620876 254.02086
639.8929 271.20566
162.80865 304.5725
512.3152 362.524
564.6279 242.72925
591.6625 337.73862
41.139698 30.500633
776.33746 298.1101
438.79663 394.45364
634.5953 293.55807
438.48047 324.33536
31.578064 124.38962
677.0923 357.5774
277.2327 97.57018
195.43066 285.6399
8.263969 89.88632
267.84814 69.84054
483.74905 18.37155
412.62375 180.61421
262.62613 208.50497
672.94495 443.07974
433.3864 349.7935
694.52026 127.14822
635.8446 160.28983
67.284775 194.27669
68.24751 39.789043
568.0889 388.20813
389.10864 51.321495
623.81915 329.7898
243.43661 202.09814
757.7474 268.1509
671.35895 375.25812
596.2071 62.34803
559.94336 389.15836
170.59164 380.0459
505.18512 110.092316
286.33353 77.15356
352.07123 290.3262
543.59814 364.63297
730.25934 26.320972
444.0768 14.270425
417.6189 331.63092
127.13924 43.157787
122.59102 226.91588
431.86902 199.36812
320.4289 342.00333
526.8098 226.99786
11.796045 135.23384
396.74835 333.84488
461.3238 366.20633
498.2173 36.730064
147.47853 344.3204
727.7617 248.3726
4.856491 146.53865
687.0461 152.08876
519.73016 439.93747
436.7286 430.98575
765.7083 313.7921
429.36078 22.125488
517.6582 410.08508
585.53644 311.9785
99.97325 122.91271
574.7706 11.804133
213.7598 105.7893
293.2912 223.08037
312.97482 90.35005
467.73495 347.25278
290.86566 21.492836
791.8067 197.64761
486.66644 38.174244
719.9416 446.94153
782.28375 68.51153
258.06818 341.93747
146.07391 424.69855
229.35138 240.16743
774.6784 271.71017
737.4655 184.92574
25.643969 392.56595
449.1546 177.4013
727.12805 77.80163
781.746 155.58258
562.7695 443.04178
582.543 79.28704
488.70883 23.48958
660.79224 142.03917
37.168167 299.59958
176.85724 202.3841
650.8609 273.05026
367.4897 356.658
691.19775 404.79596
513.3247 120.10366
549.6967 97.88947
120.10036 214.66234
307.5966 201.90079
436.26126 126.71404
637.32007 135.11218
276.72052 331.68497
187.54591 436.78262
638.2633 320.77637
70.12801 178.20712
111.55143 107.3644
663.35443 326.14386
515.5767 311.9211
215.978 370.57513
762.87244 437.9465
596.47455 175.35995
730.4821 171.48657
561.00305 341.82007
447.75995 390.74237
552.9633 292.89655
565.19366 263.21518
400.77063 347.47244
148.7517 77.24786
114.90927 288.5616
424.42575 244.93884
129.38104 345.13107
212.81429 379.74866
477.75192 9.696052
41.43577 425.98434
294.01294 13.88424
263.1251 118.313255
499.82642 212.81409
465.0095 97.890274
61.324265 249.312
509.33856 291.2211
511.87338 288.1751
752.51154 277.95114
146.02852 43.37277
352.16183 332.0758
260.65836 51.302505
466.77808 316.09122
180.86815 237.04199
113.2206 201.12273
152.25401 388.56006
572.28766 115.61831
561.1162 363.69736
181.35394 166.61935
476.94196 293.5554
548.6998 407.5199
375.64154 282.93524
451.63092 134.4998
739.0989 157.35992
87.50958 96.13788
540.48016 37.75378
443.54004 51.02959
181.83746 328.3185
10.220194 111.29384
279.76212 2.8536825
519.9576 333.66525
687.57904 136.56752
644.0944 108.23609
452.74728 228.18391
788.6576 79.911835
52.14038 434.28815
14.20002 102.141335
504.63275 19.799665
153.28235 412.6158
371.325 335.19275
458.121 108.32667
222.69817 389.6007
790.84894 242.8343
545.41315 345.7746
642.36383 432.81516
208.26292 446.58453
668.0225 268.19046
98.352905 266.44833
457.14236 220.44574
28.835392 444.87366
568.5454 175.45381
24.860811 202.86513
488.88278 119.33143
393.74017 297.96756
89.36405 330.97794
420.04565 266.40826
517.4455 11.14077
600.4151 214.42049
373.1557 121.58204
212.57582 358.15796
757.71716 36.417183
127.47779 407.46152
380.11044 201.4813
613.81757 172.45941
562.883 62.946724
404.566 79.95005
261.9817 407.9503
111.776825 224.63675
29.344034 153.04819
267.86227 386.4992
286.5731 229.54715
180.08394 102.366455
390.9027 82.58194
14.121914 226.60172
370.98883 445.9303
538.66675 61.75604
462.49432 250.46106
694.92615 76.157166
417.12695 357.5677
394.1637 87.27071
291.39886 42.496758
146.79166 419.92682
103.054474 186.96907
4.535198 259.30823
796.5248 327.5216
431.67166 304.13113
169.05794 110.46275
753.7376 374.44275
724.01086 166.90753
66.2919 136.65735
347.3196 320.99557
488.7296 441.14227
520.0499 160.8327
647.66925 122.15914
719.3258 127.95044
562.48883 278.1095
319.49435 185.94902
36.068344 330.70697
245.26968 319.557
243.12076 373.30423
571.4583 299.4645
335.55713 411.58716
494.86832 347.11356
90.549706 319.17606
470.78952 194.07784
516.22906 128.35025
219.16823 287.9424
568.6874 273.67007
536.9388 136.68918
251.0653 7.27281
138.07153 405.77
752.3804 357.16226
179.4115 161.35968
594.3165 309.0247
778.4698 103.05165
104.84505 32.64149
511.64197 63.604027
507.1911 302.5224
583.03064 299.65463
742.704 30.174664
222.78833 208.77362
740.5418 340.7016
419.83557 226.26743
772.144 116.97414
789.6004 422.0249
613.1491 210.25655
458.2274 338.92093
371.1235 281.23425
708.17084 271.1656
778.10724 151.27031
136.37814 143.08807
108.961105 291.30948
748.0347 436.53317
548.72217 368.09988
31.248045 11.969384
336.04535 361.77972
278.74017 133.98428
159.24153 379.88202
651.75946 393.77905
142.8112 54.47993
91.668465 418.05875
64.63728 37.589844
711.1678 427.11157
378.53442 115.66729
637.53723 42.43241
637.5732 364.69763
294.7675 321.80106
736.9024 300.15823
222.67871 293.88263
799.5923 410.20016
524.22577 265.0766
356.72565 359.48685
254.83957 394.1658
427.46643 435.9856
29.996157 429.27228
752.5603 423.92065
501.9055 231.44084
4.5577526 245.37427
578.4163 37.868767
381.41794 137.51498
524.61053 39.17318
340.9452 346.01453
760.25415 341.22278
168.14703 61.29486
366.9467 235.8133
64.97922 28.263697
