F100
100
115.65292
98.47264 87.5204
295.6938 267.1814
210.8521 409.37207
558.92126 421.51007
585.93854 378.0452
361.1219 148.18631
293.25037 418.56305
700.58057 18.52744
228.03903 199.96912
388.32312 447.06345
589.28534 449.27725
281.96158 228.16154
288.84653 389.0231
411.12024 286.57288
196.74187 281.69843
786.1978 312.9381
253.99446 369.97604
21.569729 198.8626
642.37524 24.181643
375.56415 326.86676
631.2174 111.65905
560.31744 224.00851
729.10535 257.2618
415.08588 8.217591
319.08426 110.46576
339.40997 348.11105
479.00418 94.854576
282.86444 438.29474
475.09976 406.82297
283.62207 56.69353
20.82963 26.15076
198.88239 0.37658215
30.758524 195.03323
699.0158 174.51099
549.76843 89.64752
89.206314 181.63388
742.5401 269.362
125.10319 147.29951
490.95453 370.2594
512.66315 33.54242
734.241 108.27525
399.64072 244.48491
327.23688 151.51785
212.22119 143.07466
77.44556 334.3292
562.7408 74.41604
205.57684 197.49461
713.4638 267.78436
473.34256 299.37155
449.63998 255.30164
215.36055 433.27356
377.699 202.7915
740.5038 183.43501
769.1226 75.70141
535.8194 438.54794
427.40588 176.62898
179.64307 310.98654
137.25095 358.16006
278.657 16.233936
96.87428 15.931275
577.7839 380.04178
533.7138 8.370397
205.88756 346.86896
21.049833 176.02402
630.668 168.0619
170.75781 140.11412
781.796 390.00192
660.75397 355.61707
703.6444 23.521713
12.323666 413.15195
421.83923 195.78535
772.6033 249.00856
317.6841 373.5699
353.66653 357.22137
130.20953 93.54306
67.11087 88.47414
338.57288 76.29863
169.39426 30.34941
371.69226 179.21458
658.60626 292.8471
563.739 20.798439
760.5143 23.798195
402.3528 80.2665
495.7684 315.6864
42.581894 329.39352
578.737 429.13638
187.495 284.91318
271.72147 277.88535
432.56998 294.23764
378.9384 25.164324
464.24075 332.3036
147.80087 325.09122
384.7869 34.794743
248.34113 173.72078
659.98444 171.70824
785.2513 219.88577
169.00702 43.638332
183.63089 233.75972
56.884384 311.67892
664.27545 262.31998
