F250
250
80.005104
552.5807 5.39301
665.95856 140.57831
67.783264 304.35422
732.7829 375.43646
668.0569 124.63327
579.0016 417.37656
249.99237 105.34191
3.5626888 235.7014
92.68203 196.04214
796.22705 267.40704
156.60596 253.00835
294.33755 17.025938
333.76242 382.27664
177.39267 263.09454
622.47894 191.88835
312.90393 357.92725
748.5526 434.70724
242.98376 74.406654
507.5057 55.47463
419.8995 88.25833
77.22325 382.26556
483.09833 357.12195
424.95956 186.16682
605.1097 152.30956
49.07451 381.28018
466.92758 224.8734
457.7889 264.5675
365.11392 92.19919
61.14168 285.6287
275.61105 413.2805
67.09146 156.30571
738.2549 191.88405
319.7432 319.62872
278.90042 444.5339
450.89804 14.694938
413.06635 420.4517
351.93085 235.75026
98.72246 189.90756
790.30145 159.22273
11.455345 15.747356
35.2046 365.4514
750.3892 305.84586
523.8726 83.11991
558.08777 315.84543
460.26425 174.22229
224.8578 136.51189
420.21304 78.072586
582.58417 76.390816
432.9733 261.26993
373.09976 81.979355
572.39825 400.51752
461.2885 106.4175
38.119125 350.18158
676.2959 226.61386
316.9734 441.89935
490.5288 13.8930645
228.95775 449.3784
733.2283 406.61203
684.0684 154.77205
393.4449 174.94333
472.93948 120.201454
68.89839 269.15356
714.1064 277.68967
497.61435 177.47887
275.41684 276.06995
766.0551 38.17049
30.484486 194.45984
680.8651 40.7754
119.542786 398.30853
643.9741 153.34875
236.51523 307.52173
367.81778 377.45203
201.97339 92.961365
256.4855 139.65102
208.81796 350.9632
569.85846 143.24734
110.396 378.19498
653.9028 394.3865
388.2615 116.005325
396.39835 313.01013
480.30896 183.73555
651.1629 197.65218
723.46136 160.66046
25.432825 28.401697
284.88602 412.19666
267.14368 309.8303
0.74357986 75.70835
206.56882 383.9497
353.16553 357.12268
247.77942 66.752594
98.39163 331.13782
179.8459 253.29851
178.20854 94.106995
158.25449 269.12613
31.901073 30.765152
628.83264 356.7679
668.2788 109.439735
227.20842 237.8659
310.87112 157.8679
746.635 134.66307
210.5019 55.397594
148.54398 171.09004
107.06935 351.36182
278.61243 218.1706
57.8681 272.50955
594.0847 191.70676
437.11224 160.30077
115.75003 231.13057
16.849518 346.9153
662.98553 366.76028
392.10977 284.29407
247.79439 11.49297
304.30783 425.2786
491.4565 210.99954
0.5293846 418.81226
45.415497 110.84513
658.77655 90.62632
369.01447 107.49639
189.43997 337.2925
125.813484 64.04166
132.60574 409.95483
755.1354 437.5636
713.20386 56.455376
266.34555 68.67145
57.86595 48.477684
362.83585 410.7083
47.589684 247.31128
765.9048 425.86523
70.31259 5.985537
373.36755 72.90719
301.1868 271.95966
513.9378 269.77658
792.11835 417.9463
668.8666 348.09857
774.9069 395.47488
612.1461 252.96179
415.48892 377.69507
317.45334 183.46326
304.2651 392.92426
504.07062 358.83987
795.6813 226.3459
617.9377 173.79971
148.03972 243.87833
602.9162 230.43054
153.35278 223.90364
408.93823 184.09961
340.81488 380.64957
568.1288 436.64862
102.57234 308.46234
469.88104 72.29057
305.81793 81.93682
66.394135 443.57614
62.234734 370.34674
689.0015 236.03662
328.36813 380.55307
262.88306 368.3376
175.02188 264.58743
246.1257 68.473526
619.1608 332.47934
623.72504 167.47267
649.46423 58.21571
555.66724 307.80487
350.51718 174.61476
470.84775 350.02972
557.0593 158.5215
737.92975 4.7958164
627.63464 430.28168
115.47618 307.99594
157.81245 244.64018
334.46222 260.37592
60.782005 154.7969
306.74216 373.13657
193.96906 277.61533
655.87085 402.79794
233.2859 298.2348
367.00967 339.831
483.11707 93.43196
548.14636 30.098999
514.0654 148.88435
345.68033 388.07547
558.24023 39.42147
86.22279 188.97163
542.37476 358.84296
8.395863 149.46362
243.71367 396.91135
751.1405 445.5759
316.32138 192.68971
688.7147 381.66183
722.6357 392.02545
619.8405 427.3102
145.63422 181.24762
564.49286 203.66298
42.298508 332.13586
794.27606 377.10757
583.06067 255.06947
181.35753 144.93405
321.0053 217.62701
719.18085 363.4345
227.67935 26.472115
630.81696 326.46326
360.84824 167.3515
385.49243 429.84503
597.32025 84.6962
100.70677 420.66928
137.46796 311.4419
289.08267 97.67677
96.19193 216.08232
350.8294 180.15247
729.221 146.98755
212.10628 104.27696
657.71954 10.031703
626.79956 32.34693
664.5884 270.4942
616.9318 17.005474
121.50559 111.95902
210.26369 158.27608
208.06445 296.01434
90.278435 210.1875
7.2305202 36.447037
213.81998 358.81912
771.1722 289.37003
447.83582 278.17395
477.2165 407.3768
764.1192 161.16295
226.6552 146.98508
207.30257 382.7164
333.28503 96.93447
176.7848 281.44458
420.3062 172.5023
360.43326 146.97559
272.44388 392.08517
511.94583 136.98189
616.29486 205.58145
522.3417 111.65497
729.8455 375.3564
209.333 392.94452
378.26663 135.0574
608.96326 260.98853
266.36673 416.58707
537.0445 83.8363
679.888 332.98364
791.2365 107.61001
612.06305 283.67715
348.24377 269.73813
54.92263 426.9937
197.21918 195.69223
555.6602 93.30989
725.20886 20.905056
538.3265 235.88516
681.0112 41.169064
