F500
500
71.88327
89.790726 195.47261
134.87926 212.50995
396.45776 444.657
80.01008 80.10042
111.49492 378.31305
207.80177 171.0162
47.253227 198.56953
740.15936 341.49286
301.49957 216.3591
613.53564 438.90973
112.48122 84.579575
549.1739 269.83914
617.3596 241.2495
377.77792 319.8671
233.38737 429.34744
349.0191 28.474707
204.99564 182.11276
168.78133 334.89035
748.0623 200.90996
696.73376 398.79074
741.4436 135.10692
676.3611 405.2775
294.28568 309.6008
194.13438 292.20108
647.0917 339.98935
171.72183 70.951614
698.9098 89.31104
445.17822 318.8552
8.735371 234.66592
400.57126 72.67778
75.19379 189.82881
401.65454 432.0808
596.19183 278.63812
9.641838 348.6208
53.406048 37.998695
668.02844 427.7441
621.618 382.80167
479.39935 306.68372
398.9178 104.00633
271.4196 1.9842446
282.0843 406.1445
633.37244 284.1152
725.9184 239.22025
62.852524 109.10816
442.36237 129.55093
217.1947 444.98526
193.78839 33.712605
301.07336 263.82413
256.29062 343.13937
388.10535 394.30325
377.07224 124.83258
680.38293 48.44858
91.48869 236.34363
28.312683 154.78757
328.90005 323.02014
699.092 166.23705
213.59668 209.295
793.2796 308.59595
611.6127 307.42554
25.36273 326.5708
502.62305 429.96835
328.6467 101.68638
747.25116 431.83878
402.35373 406.37375
15.390062 94.02827
137.16559 292.90207
544.4789 420.93542
644.7452 254.838
274.4722 3.343132
549.6701 103.361206
87.40883 177.91002
13.874626 445.30554
755.4294 314.73123
151.77092 34.27984
625.7165 217.19421
318.8718 178.98244
760.5433 322.6612
40.61289 422.9687
784.32477 80.1476
276.33548 10.054931
708.6702 228.3496
33.694077 397.41772
214.85243 137.35997
571.254 190.73232
637.23224 312.98203
424.39798 269.61908
439.926 228.51889
697.02435 77.75807
403.77225 224.62921
276.55002 26.577393
595.35834 389.6733
212.5834 249.01196
290.90652 406.83847
372.9627 285.8186
54.106617 368.16284
739.8205 249.96729
59.913826 391.85098
580.59314 379.13123
519.8262 377.4855
34.595345 24.973377
564.6069 402.92944
367.58948 164.26086
706.7441 397.9396
599.84424 337.60086
28.537369 258.37457
305.16248 39.32797
376.4823 434.0037
169.41109 47.61645
604.9932 194.46962
9.871674 198.84938
481.36667 146.10747
376.3977 139.54834
680.65186 75.810814
529.5743 223.41841
67.664 282.69806
629.98364 439.2562
550.1599 289.26517
248.93922 387.33487
421.09595 98.32179
659.8217 60.439236
780.31696 172.14401
588.08673 299.77457
690.8843 4.816657
547.272 392.59473
598.94495 56.08695
690.56866 265.44965
507.48953 365.65213
547.89355 375.58237
784.9338 415.6234
544.5618 60.134937
313.1091 407.95328
619.76855 303.6552
202.35806 294.41083
753.80304 64.921715
452.9097 242.8119
507.39087 213.58438
112.966774 142.74489
472.44977 390.60867
728.87305 252.11319
691.0059 37.336617
517.7537 187.09558
40.70735 300.25226
297.04184 369.29675
96.446754 139.65463
19.72332 366.14276
405.72067 403.57138
692.8575 52.22253
570.66614 414.84607
666.3723 408.06888
684.8823 151.63818
798.1887 168.62622
763.3204 185.10483
721.8137 290.7123
226.368 4.0856214
117.556526 238.52643
414.91928 274.7673
134.8763 419.59146
244.36412 73.92348
609.9649 3.3846526
137.20908 131.05067
10.918856 78.78321
554.1101 326.97864
726.65656 18.821383
381.61526 22.02276
661.5049 156.1696
704.5335 223.96161
234.01646 46.25625
426.7261 416.82376
797.48895 317.66415
303.91306 443.2102
54.75273 248.96675
275.95404 191.48703
347.47333 204.68704
156.65952 361.27222
539.39166 129.74963
141.66989 356.1013
24.998999 5.3788214
376.96185 96.663704
684.029 230.62126
102.259445 315.5099
134.24101 102.825516
317.703 239.37444
639.1862 449.80737
153.70879 356.26147
395.38602 382.9141
750.7027 344.99258
8.525944 67.64952
237.48164 347.10605
587.27386 340.34503
57.005356 67.680046
115.08946 410.99573
111.607025 98.9726
146.29292 3.7998855
33.583595 390.65582
416.62122 75.14364
142.05284 253.07036
726.92566 260.29407
495.4864 286.32913
380.45602 213.46988
626.61676 52.523125
320.7438 294.34207
350.1165 250.7745
782.3481 97.50589
323.7219 253.77512
447.06406 369.71954
242.97728 8.851022
172.52731 444.40994
443.66132 298.90134
369.87616 20.32755
621.8871 126.94281
756.1769 354.5371
469.9919 248.9085
262.06512 131.94774
339.31326 350.0334
364.42886 449.12323
413.93375 221.13164
329.35443 388.52292
710.13666 48.6259
745.8844 146.97636
464.78705 230.91095
322.80222 425.00534
264.8112 68.88219
687.5681 419.50775
684.5373 8.875725
10.090685 323.7862
685.5415 326.27774
678.1358 315.43744
4.9719334 0.36810637
42.254112 163.25223
185.75659 319.0556
755.0572 100.072815
120.79129 102.806335
243.8964 275.11255
490.81406 312.81165
31.40502 159.18698
732.35065 210.11736
671.3573 91.79493
0.52576065 311.65424
376.78632 174.2113
776.8282 210.76141
224.69101 166.4337
661.75195 284.55603
230.85747 333.71017
596.76825 127.32636
565.72723 325.75238
351.96744 7.750887
756.7728 355.9197
430.10675 91.18647
385.8925 170.4921
172.35884 115.32882
295.82095 408.50864
765.94147 215.30138
283.87375 368.94324
571.6693 420.54248
363.41003 24.660524
395.4661 361.8729
454.6141 46.609364
469.66266 229.76266
30.46956 129.07637
797.64276 199.28255
457.5359 109.06578
721.7345 319.507
263.2421 153.56306
34.34577 354.50024
123.29297 95.669914
163.85626 84.51418
448.3451 39.498882
389.86258 42.984947
374.76038 398.94028
699.6921 391.44818
308.8886 443.65707
774.7972 47.99008
379.37527 148.13983
239.38518 338.48996
121.341705 384.6207
624.5756 125.14233
616.3499 145.88435
772.1685 375.81097
571.7454 89.33561
257.91022 176.17923
533.6832 313.44116
652.60767 135.72192
743.77844 23.226776
220.73512 167.81181
486.30475 443.79163
102.942894 4.1502357
210.08496 362.74112
626.282 117.820404
588.08856 131.50253
581.652 387.02536
202.18416 346.18286
112.12125 180.69736
376.88446 294.98376
441.01224 286.13586
563.18256 117.2716
770.1506 39.41785
383.11734 79.80543
394.09613 199.07178
441.42126 405.98047
265.6674 48.249615
208.91257 81.4066
734.2917 446.97696
262.09286 172.90067
146.8205 373.90594
766.1122 51.74743
398.0945 262.00992
17.771292 176.63141
55.89023 348.8001
487.95172 257.2404
634.5745 333.6478
747.702 258.50787
389.0038 380.67844
220.57538 334.64206
442.5773 119.26751
629.60925 175.35754
111.0486 357.48758
716.9717 397.4944
659.37634 219.79852
786.6795 198.91412
717.7024 344.9762
597.31915 378.17596
632.14667 205.66664
316.29028 190.02068
546.6554 97.23412
506.1376 249.6565
576.2901 401.7334
375.9563 46.817554
175.2561 387.14145
588.04706 206.64336
422.29544 302.48553
615.8745 418.73828
301.9682 364.5292
120.34158 47.967823
175.47473 390.33932
226.35265 272.32535
694.18225 214.7459
581.9928 440.77838
760.57306 120.59952
772.31476 340.63025
95.08347 169.27931
605.1037 162.39284
395.90436 316.3475
15.981722 85.27657
417.43048 213.10104
346.23947 157.50554
539.32385 185.33408
282.7319 199.14165
512.2593 140.48053
631.4674 266.85513
571.0019 78.81105
404.05325 178.05164
485.6797 332.1582
770.347 28.428465
425.6223 409.16266
75.40355 191.88751
547.0914 311.97296
200.5137 123.80937
559.2826 429.18124
395.70312 89.06318
707.29956 90.305984
315.90985 290.3775
134.03105 150.88243
9.090042 223.46411
505.168 165.03348
748.11957 144.71947
725.6321 395.8657
248.47269 299.6245
526.6046 428.0733
211.67216 313.83627
207.80554 72.399956
184.32402 40.172813
589.82794 367.06573
190.58546 448.5136
138.84464 416.65033
311.06406 389.38995
306.02307 157.24571
634.82416 347.56747
374.1715 366.76074
157.28731 128.10129
284.64737 358.14468
51.757477 402.5861
751.0458 408.86917
784.99524 438.06332
537.80743 113.40232
719.1054 280.25867
339.29938 393.55463
746.90106 268.5076
648.28 449.67325
412.2677 293.41675
724.6247 119.703606
399.78128 373.569
0.910759 332.38208
230.33952 272.50745
288.6012 370.32993
525.75336 406.95248
637.276 111.909645
221.51947 136.3776
272.30176 211.495
192.26527 179.38168
478.65414 433.6863
150.02594 124.967606
157.97458 31.149593
85.49037 55.125107
372.50415 439.62253
713.04156 196.79787
375.95547 399.45233
380.725 386.20956
252.81004 6.3259096
407.6126 210.9753
141.61897 75.92183
167.29478 206.80775
464.80246 447.63202
263.83643 256.8568
549.8343 71.638695
124.37992 135.7266
389.72668 405.12082
402.07602 164.47633
302.0492 196.63786
748.0774 161.92426
315.48282 360.4944
438.34763 175.3756
413.77826 183.61903
558.9235 116.54885
34.118652 27.959373
153.43246 176.57489
547.93164 179.15016
373.00668 215.11829
107.31368 423.08835
757.6714 350.07755
442.07516 382.65182
498.70624 235.15063
326.14804 7.0257783
124.80612 416.5233
45.366955 341.62332
25.000858 127.80597
201.60623 71.36052
734.6375 354.38797
653.57697 278.80753
796.19336 446.9153
757.42224 9.503227
355.67856 55.474037
128.24559 383.2911
21.808434 65.14898
657.0294 164.98813
715.38385 433.34317
208.70047 392.8971
749.3237 235.0166
781.53235 405.76044
546.94543 183.8138
573.3005 329.6517
231.30121 441.89255
585.77826 296.2164
468.05072 305.6796
278.9381 223.59251
547.3937 437.325
494.75742 175.52968
538.4039 175.39998
105.48196 172.7347
495.60513 383.5144
462.72092 401.62906
259.21875 181.67285
754.5032 438.62317
746.0915 434.03537
2.5602818 285.08383
19.2976 114.51984
199.27979 317.57208
754.6945 21.62971
303.14856 266.1091
558.7163 18.797243
755.7352 107.42987
362.30682 21.21056
487.49896 330.92047
512.5427 413.89297
241.61783 108.50638
560.07355 255.09715
424.7549 70.74788
713.4209 349.776
313.8898 255.1602
179.34103 107.9363
594.17914 207.96057
73.26097 214.53716
321.94543 371.46857
269.171 20.771643
509.46826 298.9607
330.67975 30.092722
786.93835 380.38733
453.1426 87.28319
346.8729 222.77014
142.24396 320.81763
115.15179 270.85876
11.0731125 230.34921
80.76257 327.56604
111.97438 314.53403
176.00264 341.4355
10.1931095 193.77042
215.42807 384.8118
194.97443 336.50076
122.92686 42.16229
714.2186 242.24867
512.072 92.08686
