[[100], [1.0], [0.01], [ROULETTE, RANK, TOURNAMENT], [SINGLE_POINT, DOUBLE_POINT, N_POINT, UNIFORM], [SINGLE_INVERT, DOUBLE_INVERT, HYPERMUTATE], [10000], [600000], [2000], [1.0], [1.0], [1.0]]
ID MIN_SELECTED AVG_SELECTED STDDEV_SELECTED AVG_GENERATIONS
000 61 63.6 1.577621275493231 4522.9
001 60 62.5 1.9578900207451218 4778.8
002 58 62.5 2.173067468400883 3981.4
010 59 62.3 1.8287822299126937 4786.6
011 59 62.4 2.633122354417533 4561.7
012 61 63.0 1.7638342073763935 3786.7
020 60 63.2 1.5491933384829668 4453.3
021 58 62.6 1.9550504398153572 4467.1
022 60 62.1 1.1972189997378646 4003.1
030 60 63.7 2.9832867780352594 4246.7
031 59 64.3 2.8303906287138374 4388.0
032 57 62.4 2.6749870196985173 4073.1
100 61 64.6 2.633122354417533 4976.0
101 59 62.6 2.836272984824353 4345.3
102 57 63.1 3.7549966711037177 2981.0
110 58 64.9 3.956710193526379 4910.9
111 60 63.5 2.877112750272011 4440.6
112 59 62.4 2.633122354417533 2940.0
120 58 61.9 2.3781411975649287 4914.1
121 57 60.5 2.223610677354389 4179.2
122 57 61.2 2.2010098692292233 2820.9
130 59 62.5 2.1213203435596424 4552.8
131 60 61.7 1.3374935098492584 3930.2
132 59 61.0 1.632993161855452 2841.5
200 61 62.3 0.9486832980505137 4785.4
201 61 63.3 2.311805451253293 4140.8
202 59 62.0 1.8856180831641267 2975.4
210 60 62.8 1.3984117975602022 4244.2
211 60 62.5 1.6499158227686108 3962.0
212 59 63.2 2.6161889160464775 2994.2
220 59 63.3 2.5407785333546005 3652.0
221 57 62.2 2.5733678754158373 3729.3
222 58 62.9 2.330951164939611 2745.8
230 58 62.3 3.2676869155073254 3729.7
231 58 61.7 2.0575065816014617 3479.2
232 59 61.1 1.4491376746189437 2751.1



ID NUM_SELECTED NUM_GENERATIONS FEASIBLE
0000 65 3221 true
0001 62 3846 true
0002 65 5036 true
0003 63 4164 true
0004 65 4527 true
0005 66 5029 true
0006 63 4371 true
0007 63 4626 true
0008 61 5359 true
0009 63 5050 true
0010 62 4821 true
0011 66 4690 true
0012 63 4993 true
0013 62 3767 true
0014 61 5217 true
0015 64 4255 true
0016 61 5078 true
0017 65 3982 true
0018 60 5519 true
0019 61 5466 true
0020 65 4881 true
0021 66 3817 true
0022 62 3623 true
0023 61 3905 true
0024 62 3646 true
0025 63 4637 true
0026 58 4160 true
0027 62 3337 true
0028 63 3765 true
0029 63 4043 true
0100 64 3796 true
0101 62 5290 true
0102 63 5286 true
0103 64 4942 true
0104 62 4856 true
0105 65 4979 true
0106 60 4678 true
0107 59 5135 true
0108 62 4844 true
0109 62 4060 true
0110 64 4763 true
0111 60 4694 true
0112 60 5299 true
0113 60 5429 true
0114 62 5289 true
0115 59 3531 true
0116 64 4079 true
0117 63 4394 true
0118 67 3805 true
0119 65 4334 true
0120 61 3645 true
0121 61 3399 true
0122 61 4459 true
0123 62 3135 true
0124 63 3935 true
0125 65 4502 true
0126 63 3917 true
0127 64 3590 true
0128 66 3749 true
0129 64 3536 true
0200 62 5385 true
0201 65 3567 true
0202 63 5039 true
0203 60 5722 true
0204 64 4128 true
0205 65 4137 true
0206 64 3449 true
0207 62 5039 true
0208 64 4213 true
0209 63 3854 true
0210 64 4480 true
0211 61 3668 true
0212 64 3913 true
0213 64 4278 true
0214 63 5373 true
0215 62 5219 true
0216 64 4797 true
0217 64 5110 true
0218 62 3540 true
0219 58 4293 true
0220 63 3319 true
0221 62 4162 true
0222 61 4567 true
0223 60 3885 true
0224 63 4089 true
0225 62 4272 true
0226 63 4063 true
0227 64 3350 true
0228 61 3813 true
0229 62 4511 true
0300 65 4687 true
0301 64 3792 true
0302 61 4088 true
0303 63 5160 true
0304 63 3536 true
0305 71 3474 true
0306 60 4539 true
0307 64 4672 true
0308 64 4134 true
0309 62 4385 true
0310 65 4340 true
0311 68 4577 true
0312 63 5086 true
0313 61 3853 true
0314 64 5128 true
0315 66 5026 true
0316 68 3514 true
0317 59 4352 true
0318 65 3577 true
0319 64 4427 true
0320 63 3630 true
0321 65 3812 true
0322 60 4305 true
0323 63 4402 true
0324 60 3776 true
0325 63 4364 true
0326 64 4488 true
0327 63 3735 true
0328 57 4565 true
0329 66 3654 true
1000 62 4319 true
1001 61 5489 true
1002 69 3235 true
1003 65 4062 true
1004 64 5172 true
1005 61 5859 true
1006 67 5518 true
1007 65 5543 true
1008 66 5305 true
1009 66 5258 true
1010 61 4810 true
1011 63 4070 true
1012 60 5217 true
1013 61 3529 true
1014 62 3743 true
1015 67 4799 true
1016 61 5234 true
1017 67 3634 true
1018 59 4642 true
1019 65 3775 true
1020 63 3102 true
1021 60 4054 true
1022 57 3015 true
1023 70 3077 true
1024 61 2461 true
1025 64 2791 true
1026 62 2886 true
1027 64 2916 true
1028 62 3039 true
1029 68 2469 true
1100 58 5949 true
1101 66 4160 true
1102 66 3887 true
1103 69 5104 true
1104 65 5679 true
1105 68 5421 true
1106 63 5746 true
1107 62 4203 true
1108 71 2996 true
1109 61 5964 true
1110 64 3680 true
1111 61 5214 true
1112 65 5175 true
1113 61 5209 true
1114 67 2882 true
1115 60 4940 true
1116 64 3318 true
1117 68 3356 true
1118 60 5485 true
1119 65 5147 true
1120 62 4188 true
1121 59 3190 true
1122 67 2808 true
1123 62 2844 true
1124 61 2872 true
1125 62 2892 true
1126 67 2498 true
1127 62 2660 true
1128 60 2735 true
1129 62 2713 true
1200 61 6168 true
1201 58 3730 true
1202 62 6101 true
1203 65 4722 true
1204 61 4367 true
1205 65 3070 true
1206 65 4063 true
1207 61 6119 true
1208 60 4686 true
1209 61 6115 true
1210 60 3598 true
1211 57 5425 true
1212 59 3347 true
1213 63 2959 true
1214 62 5689 true
1215 63 5064 true
1216 61 3585 true
1217 57 4660 true
1218 61 3704 true
1219 62 3761 true
1220 64 2526 true
1221 59 3616 true
1222 60 3095 true
1223 62 2623 true
1224 63 2430 true
1225 57 2856 true
1226 63 2589 true
1227 60 3256 true
1228 61 2897 true
1229 63 2321 true
1300 63 4189 true
1301 61 4518 true
1302 65 5198 true
1303 60 4573 true
1304 61 4544 true
1305 63 4658 true
1306 64 5505 true
1307 64 3394 true
1308 59 3865 true
1309 65 5084 true
1310 62 3687 true
1311 62 5079 true
1312 63 4011 true
1313 62 3852 true
1314 60 3079 true
1315 60 4256 true
1316 62 3286 true
1317 64 4072 true
1318 62 4075 true
1319 60 3905 true
1320 59 2392 true
1321 60 2472 true
1322 60 2707 true
1323 61 3610 true
1324 64 3368 true
1325 61 3538 true
1326 63 2291 true
1327 59 3354 true
1328 61 2198 true
1329 62 2485 true
2000 62 3408 true
2001 64 3553 true
2002 62 5421 true
2003 63 5778 true
2004 62 6042 true
2005 61 5916 true
2006 63 3968 true
2007 62 5067 true
2008 63 5114 true
2009 61 3587 true
2010 62 4236 true
2011 63 3578 true
2012 62 3970 true
2013 61 3736 true
2014 69 4312 true
2015 64 5697 true
2016 62 4344 true
2017 65 4500 true
2018 62 3472 true
2019 63 3563 true
2020 65 2663 true
2021 63 3460 true
2022 59 3301 true
2023 63 3020 true
2024 59 2892 true
2025 63 2778 true
2026 62 2475 true
2027 61 3432 true
2028 63 3001 true
2029 62 2732 true
2100 60 5083 true
2101 62 4531 true
2102 65 3481 true
2103 63 4150 true
2104 62 4827 true
2105 64 3339 true
2106 64 4656 true
2107 63 3811 true
2108 62 4527 true
2109 63 4037 true
2110 63 3918 true
2111 63 4253 true
2112 61 3308 true
2113 65 3695 true
2114 60 5569 true
2115 62 3059 true
2116 65 4324 true
2117 61 4717 true
2118 62 3248 true
2119 63 3529 true
2120 65 2764 true
2121 61 2486 true
2122 65 2548 true
2123 63 2655 true
2124 67 3341 true
2125 65 2752 true
2126 62 4181 true
2127 60 3164 true
2128 65 2836 true
2129 59 3215 true
2200 64 3271 true
2201 64 3557 true
2202 63 2565 true
2203 69 5320 true
2204 59 2872 true
2205 63 3929 true
2206 64 4029 true
2207 63 3516 true
2208 61 2794 true
2209 63 4667 true
2210 60 6342 true
2211 64 2955 true
2212 61 3380 true
2213 62 5454 true
2214 64 2983 true
2215 63 3534 true
2216 66 3071 true
2217 57 3416 true
2218 61 3166 true
2219 64 2992 true
2220 58 2911 true
2221 66 2489 true
2222 63 3015 true
2223 62 2966 true
2224 61 2705 true
2225 65 2603 true
2226 62 2911 true
2227 63 2842 true
2228 64 2708 true
2229 65 2308 true
2300 59 4389 true
2301 69 3145 true
2302 64 4000 true
2303 59 3522 true
2304 58 4980 true
2305 65 3086 true
2306 62 3101 true
2307 62 3003 true
2308 63 4429 true
2309 62 3642 true
2310 59 5300 true
2311 64 2515 true
2312 63 3336 true
2313 60 3592 true
2314 58 3944 true
2315 62 3486 true
2316 62 3117 true
2317 63 3357 true
2318 62 3167 true
2319 64 2978 true
2320 61 2542 true
2321 61 2690 true
2322 61 2753 true
2323 63 2727 true
2324 61 3016 true
2325 60 3053 true
2326 60 2736 true
2327 61 2475 true
2328 59 3014 true
2329 64 2505 true
